97
786
744
780
425
7
628
672
318
67
44
823
752
135
397
963
551
620
353
182
329
110
207
213
8
373
494
476
815
169
5
912
307
750
692
732
109
672
404
780
92
800
603
844
935
352
159
839
972
512
21
301
974
580
867
334
953
361
811
768
882
168
33
190
918
77
274
28
750
31
808
842
831
763
38
119
115
197
958
439
61
979
92
35
560
959
369
865
673
532
986
555
701
19
97
971
96
372
999
198
403
159
392
586
274
782
705
389
331
15
180
392
347
273
779
907
584
149
124
257
33
110
165
734
481
614
706
578
986
57
128
741
569
873
328
843
655
385
585
339
401
765
731
748
390
863
7
975
12
483
232
397
594
749
132
75
364
190
5
702
599
486
444
168
359
124
364
366
861
949
705
614
66
789
714
457
652
721
784
16
557
368
413
151
118
897
578
834
439
936
536
391
422
332
911
133
808
275
851
670
576
557
284
995
698
999
452
702
72
236
70
629
604
483
132
74
733
711
908
524
647
797
915
421
129
827
554
290
454
405
960
31
314
596
26
364
595
830
66
20
418
136
1
374
972
134
449
57
845
709
933
844
506
849
265
988
28
171
278
834
576
590
217
243
186
595
607
134
425
674
154
195
162
155
570
486
641
371
543
486
80
477
682
939
678
299
927
58
470
557
892
47
147
462
290
333
57
249
819
835
923
973
30
438
481
952
924
122
323
820
961
756
649
995
695
679
295
974
737
765
883
981
164
30
443
806
715
853
56
535
688
331
860
718
121
693
671
46
816
346
218
129
102
867
124
149
898
771
123
987
537
358
320
53
388
116
860
104
969
268
991
657
951
851
727
73
545
398
471
713
97
689
842
199
908
318
701
158
90
176
145
979
535
465
32
923
581
244
379
550
864
370
559
816
574
287
241
471
685
712
184
782
753
378
334
13
48
35
171
138
211
316
469
746
133
854
22
715
98
401
617
315
124
177
131
698
464
724
521
501
436
705
636
541
435
322
554
483
357
725
974
920
41
443
19
174
297
41
241
748
442
859
63
918
388
546
968
204
270
489
705
58
194
341
599
981
15
153
817
372
230
791
645
271
586
664
797
236
705
391
336
499
602
751
418
990
297
738
194
919
228
251
329
774
945
280
756
960
433
573
333
663
716
330
286
302
994
435
890
699
826
226
550
780
977
320
770
626
59
316
897
287
568
578
61
865
858
169
825
643
742
510
658
810
840
944
465
834
732
355
885
910
934
436
691
911
756
813
890
815
482
139
454
402
718
516
267
576
37
92
572
132
603
230
942
443
175
407
278
259
763
163
169
697
951
212
960
708
378
202
875
860
342
330
262
412
198
529
340
235
621
912
367
576
143
662
20
670
69
650
281
184
165
450
233
117
15
194
825
393
396
52
253
90
734
867
854
932
396
195
520
369
107
239
946
602
901
318
624
323
968
905
507
485
708
741
602
723
287
779
468
35
832
721
126
566
940
980
851
688
527
371
57
987
962
355
589
216
25
214
539
345
471
46
831
179
139
433
254
426
213
722
814
397
795
940
963
735
272
166
423
800
889
833
787
852
188
728
68
566
294
607
911
766
5
742
945
497
528
200
275
741
922
89
490
70
381
453
805
654
972
229
806
861
62
945
713
602
673
781
168
968
740
432
86
98
174
31
595
702
583
222
795
858
312
285
928
693
91
85
699
63
314
505
276
728
450
990
683
124
123
203
444
216
635
530
314
810
913
261
864
849
483
12
707
147
297
987
841
740
72
540
155
739
46
432
467
848
422
502
324
897
706
768
113
341
650
779
503
564
40
720
413
876
732
472
23
381
811
216
122
883
757
277
974
155
709
794
3
483
296
680
381
2
448
846
344
99
626
847
15
18
567
428
894
651
252
270
33
63
486
507
298
595
784
273
750
846
67
106
681
363
786
414
366
586
261
62
37
239
261
52
257
181
832
504
832
84
774
865
499
612
372
798
208
509
423
958
707
490
416
388
205
554
803
923
141
416
337
178
655
599
231
912
780
415
768
964
500
542
182
351
155
906
501
363
415
924
673
474
766
442
863
324
996
18
247
489
434
585
668
441
536
251
705
316
666
474
632
518
16
814
870
523
721
371
238
136
648
264
611
414
706
826
738
54
844
338
544
630
275
564
71
811
815
776
479
833
602
111
704
971
926
574
494
647
297
85
135
297
349
98
712
407
924
802
461
120
492
357
102
767
273
525
930
88
654
761
274
256
873
978
227
151
904
722
150
553
807
285
851
508
384
915
915
660
69
728
133
914
438
235
681
711
761
964
152
415
725
778
671
950
108
899
101
12
973
251
917
132
889
120
640
625
387
907
285
457
987
418
371
777
654
404
489
767
720
993
182
446
771
853
748
879
104
202
243
77
805
512
561
694
633
553
671
20
460
957
829
800
727
200
577
733
957
418
500
677
763
34
475
886
240
224
117
344
778
712
774
583
225
687
630
858
241
301
230
53
610
60
853
690
260
783
423
569
553
276
247
669
662
74
907
902
650
25
599
428
737
725
364
962
412
994
172
5
647
403
59
258
815
264
948
427
399
723
997
953
351
596
974
14
670
881
268
321
906
219
101
996
944
465
310
709
811
835
714
459
590
773
717
405
38
17
832
437
92
829
742
444
425
68
810
448
950
430
121
208
650
222
204
594
688
867
655
499
702
370
958
292
495
27
697
885
396
881
323
489
63
417
285
840
486
447
288
788
877
409
996
879
632
553
826
672
420
481
523
474
203
834
766
699
213
815
584
610
48
259
451
111
29
88
952
515
535
240
303
764
2
651
644
986
204
470
658
976
303
181
450
507
15
216
206
229
383
142
191
432
402
642
543
431
82
847
298
969
440
953
85
442
604
729
428
161
551
86
137
207
619
588
714
987
156
920
568
892
414
759
324
816
753
219
599
835
67
897
156
507
850
241
301
807
323
729
320
874
167
457
81
138
397
147
125
906
419
693
798
834
804
474
650
557
693
250
744
112
499
900
971
702
142
272
509
465
353
829
691
872
638
125
11
388
624
488
294
44
182
92
878
338
566
880
896
611
130
992
76
982
245
47
684
387
672
545
204
377
726
247
250
364
724
261
752
349
101
398
393
283
490
271
622
408
151
870
20
634
214
96
968
459
495
652
846
519
197
402
897
275
2
499
639
726
112
744
75
213
142
468
497
985
91
471
393
595
693
765
581
907
213
549
367
61
201
565
580
750
320
829
377
322
328
368
48
792
112
476
6
607
296
855
944
388
326
689
335
371
807
916
630
372
817
997
433
370
915
366
472
235
547
849
557
228
217
957
20
330
433
26
289
730
881
585
470
559
274
805
282
433
73
913
806
890
262
239
260
177
957
732
764
505
581
673
85
798
631
105
480
416
132
121
498
365
706
968
277
333
125
559
766
198
472
924
440
735
164
700
264
473
784
29
330
717
702
415
868
685
873
348
454
357
822
952
722
880
921
999
213
398
911
332
597
383
256
37
470
772
90
87
598
226
116
928
944
170
696
812
208
569
512
662
278
334
966
0
215
239
352
780
638
615
464
587
350
73
976
821
845
66
260
795
645
376
76
589
898
772
753
106
693
265
120
323
952
87
675
519
326
27
299
964
994
116
903
345
189
880
518
386
946
778
182
943
506
610
532
404
734
637
863
779
903
335
102
207
422
777
726
101
157
377
417
151
493
321
496
34
201
14
421
499
144
955
443
650
565
327
55
299
965
270
78
220
605
180
779
28
957
505
481
466
882
898
618
728
571
114
762
772
481
535
624
625
490
419
276
407
746
683
58
63
953
136
635
558
668
414
938
978
271
419
444
154
670
414
234
241
529
348
366
362
884
342
339
726
761
615
486
859
650
544
275
603
33
910
514
701
677
804
31
948
224
828
454
246
242
688
839
123
37
205
485
273
547
825
999
660
792
485
520
795
382
795
750
415
57
264
468
734
69
500
35
645
328
489
243
570
530
82
694
919
640
531
544
187
708
895
848
501
381
720
296
115
515
46
530
572
663
998
659
84
498
694
81
178
535
324
101
417
406
147
688
46
678
232
586
387
128
786
240
861
858
888
976
373
286
506
297
949
856
956
33
355
2
114
885
890
790
986
307
549
133
996
595
164
580
533
903
708
671
143
569
529
31
897
254
669
403
552
619
260
860
4
967
863
471
204
753
261
191
412
810
676
760
758
192
341
643
95
49
315
238
971
196
621
868
451
291
272
355
262
884
215
266
203
430
89
407
535
351
950
948
513
979
708
623
171
49
267
267
451
934
857
422
130
831
290
933
474
914
288
88
150
856
706
705
286
796
465
174
499
767
474
364
746
182
988
270
584
255
889
387
541
98
809
23
281
451
957
107
718
597
195
868
805
902
926
92
50
391
618
901
158
92
265
257
626
253
527
210
860
416
949
753
866
110
777
148
562
86
255
632
683
451
852
489
705
778
933
107
169
551
8
680
643
625
937
621
879
816
832
91
232
133
845
450
244
974
598
158
60
854
790
95
657
642
936
714
773
869
173
942
772
181
622
767
806
911
389
37
727
573
481
311
706
678
762
302
652
360
460
64
566
602
159
575
597
96
641
370
317
814
312
90
347
287
209
154
550
598
543
278
523
24
941
582
702
703
884
706
416
697
770
334
299
282
262
248
378
903
618
695
718
283
137
65
922
347
571
472
297
115
102
821
491
44
403
546
99
639
604
867
336
375
202
988
657
464
236
387
719
207
434
789
490
572
207
412
271
778
236
568
245
691
389
89
735
144
635
186
784
591
54
472
966
608
460
975
424
49
714
143
256
149
933
98
73
492
862
344
270
98
912
868
789
654
957
876
798
944
415
934
535
469
407
854
429
219
181
853
620
896
348
876
397
633
974
470
125
836
814
748
287
78
616
428
732
925
657
883
221
72
169
108
893
928
314
322
148
848
527
768
744
875
997
493
509
971
963
634
160
129
734
447
207
350
227
292
627
884
175
200
956
344
661
201
273
975
523
773
823
402
893
919
278
890
412
787
214
727
773
374
208
508
173
768
210
400
60
190
637
235
390
945
931
51
147
556
379
22
329
554
425
223
474
703
465
238
842
679
318
967
53
526
475
578
294
38
979
706
228
616
941
970
561
225
374
60
781
753
83
463
659
860
38
133
915
503
724
757
183
42
724
588
920
552
167
567
590
498
273
170
466
567
140
379
144
866
440
925
971
875
740
631
735
778
116
2
282
840
759
817
234
835
757
507
739
924
426
681
774
699
851
592
618
344
972
762
562
764
40
534
991
780
165
78
559
281
80
193
474
191
10
708
26
767
567
118
44
993
799
170
693
3
763
663
699
87
426
261
203
466
795
194
246
312
624
157
594
704
350
68
247
360
128
625
480
696
743
524
689
895
694
734
898
809
398
597
248
824
210
451
642
6
997
240
670
973
398
264
29
748
684
276
109
813
902
589
861
645
465
550
540
511
637
790
673
35
739
921
211
950
725
205
308
722
445
978
48
843
595
77
592
279
354
53
444
256
994
657
253
811
560
794
322
197
584
347
584
324
269
795
626
994
0
934
68
797
912
116
641
859
194
585
139
548
990
935
156
336
593
409
147
153
555
821
702
140
169
286
816
438
433
794
784
785
728
852
582
992
321
575
852
515
512
343
415
502
630
923
838
223
332
985
728
888
807
430
380
976
716
548
766
149
342
550
934
422
754
869
766
75
444
618
942
957
313
709
459
944
632
650
519
317
635
248
557
794
30
937
122
99
837
888
248
531
790
535
953
545
404
719
620
200
690
915
157
355
624
969
299
257
619
171
926
606
771
483
753
801
772
875
900
609
116
501
140
906
388
445
451
792
516
72
344
558
339
502
914
963
823
565
572
794
736
498
400
507
333
505
309
105
381
561
66
849
62
558
755
450
3
207
594
872
631
939
430
970
793
344
285
616
262
858
762
998
708
514
858
42
20
519
147
753
80
214
602
495
124
357
297
128
564
892
352
547
183
782
869
328
479
155
296
741
13
58
91
73
572
949
115
592
820
615
345
253
181
947
748
305
305
45
785
221
289
137
121
824
920
990
152
751
145
448
492
510
506
935
584
431
237
699
23
57
314
721
310
847
20
410
153
677
808
938
899
97
76
372
274
348
362
426
99
860
227
943
370
733
878
954
516
115
6
892
525
672
613
835
520
633
598
673
311
406
963
562
855
39
934
129
387
648
908
838
508
135
781
879
220
660
185
737
127
543
629
652
568
594
840
88
227
438
113
890
196
76
452
51
468
738
533
855
387
441
46
247
928
827
126
148
839
664
237
967
559
866
619
127
460
811
215
40
601
680
930
797
757
735
201
225
825
734
432
212
527
478
460
455
658
938
955
497
954
193
464
514
411
436
641
872
247
209
264
849
889
194
998
998
281
199
575
107
285
360
671
164
838
483
971
848
774
927
346
728
472
810
594
883
598
236
755
846
445
19
47
686
566
45
685
199
597
260
306
882
620
330
47
811
165
18
659
939
297
5
20
769
168
614
653
118
202
760
316
999
780
363
686
698
761
371
897
358
983
556
592
604
886
639
767
51
10
426
343
307
784
363
77
304
329
730
422
532
490
739
531
622
454
217
320
215
940
570
925
924
126
518
880
364
509
647
767
519
425
110
827
561
825
904
217
155
986
992
39
828
731
570
451
537
140
123
105
432
693
30
356
171
900
588
535
410
587
303
929
365
765
108
926
591
364
144
746
350
136
785
179
219
707
982
108
847
105
213
632
151
596
988
322
848
929
210
258
516
865
540
881
630
648
160
221
13
656
319
715
144
456
894
715
164
228
823
363
334
389
995
837
337
336
511
185
265
721
796
133
938
336
367
569
336
527
142
349
183
814
65
327
270
311
42
434
540
217
150
226
606
145
415
295
833
926
481
450
0
629
584
938
965
951
859
301
830
354
3
13
168
420
692
790
83
86
225
975
303
727
553
262
224
968
557
58
247
390
508
247
19
444
537
336
395
749
990
225
455
993
590
623
765
282
413
848
368
990
824
24
69
729
286
294
698
195
704
945
938
212
544
309
657
81
646
404
182
988
982
637
333
572
612
98
207
378
298
575
720
474
951
790
204
237
84
902
785
788
199
75
352
743
384
361
176
382
766
711
722
748
348
55
672
313
153
879
691
804
807
411
278
758
201
482
348
637
736
133
777
287
208
130
382
944
491
911
679
609
622
401
709
322
457
382
635
962
261
678
766
68
90
397
827
643
879
175
281
968
660
58
607
220
188
990
516
32
901
195
641
875
597
351
549
406
85
185
368
346
215
487
767
305
884
946
949
115
473
582
435
133
640
43
705
181
33
221
565
286
769
558
161
718
261
710
124
346
247
844
45
463
331
812
120
567
110
421
683
583
3
118
68
996
513
773
529
546
346
94
832
115
652
345
185
914
408
309
612
7
506
657
822
189
821
295
757
931
716
792
514
72
262
934
68
776
707
949
674
406
43
859
873
47
204
59
313
964
720
278
972
226
935
146
768
757
441
525
688
158
669
555
582
283
489
2
59
549
951
86
955
346
945
180
745
501
591
59
466
312
337
790
890
624
936
658
381
730
535
422
888
556
329
470
840
818
472
251
367
775
337
674
121
282
207
866
784
798
277
602
462
966
744
705
943
680
363
324
410
251
98
650
807
427
472
647
598
296
899
965
71
588
992
544
871
551
763
7
349
40
961
812
359
705
869
302
737
232
978
500
835
429
150
643
856
975
642
454
271
893
772
695
482
116
239
353
667
2
712
368
395
673
532
106
378
401
760
115
986
738
615
821
519
118
464
728
93
459
534
716
352
306
763
834
774
355
539
793
709
603
162
104
276
694
562
6
96
322
474
82
413
441
255
932
559
720
660
4
531
195
73
883
853
836
70
628
543
609
773
253
213
935
709
841
630
272
848
78
946
674
512
359
115
767
292
27
839
304
383
370
499
456
606
705
645
676
333
188
637
106
441
202
394
503
44
376
775
244
454
721
918
318
433
33
437
725
60
277
381
796
999
881
252
605
586
249
633
271
790
271
729
583
473
123
86
869
851
213
113
657
935
31
975
368
417
413
445
829
42
178
625
41
59
230
999
997
479
632
620
621
255
350
205
81
825
291
950
29
857
64
686
792
95
662
512
512
427
309
694
821
487
319
862
899
549
213
248
381
198
869
2
453
571
559
534
748
203
485
777
60
901
464
204
996
478
68
861
257
377
907
78
216
226
292
467
776
506
716
509
56
937
863
509
508
423
396
608
626
233
738
686
134
554
242
482
384
310
695
641
687
602
71
255
829
363
723
957
221
791
818
277
728
681
139
588
104
535
548
82
120
286
120
254
840
362
88
224
672
784
217
711
386
288
967
567
4
42
876
225
185
694
855
913
728
994
853
832
881
753
915
1
40
35
607
232
398
695
809
422
479
26
134
218
667
101
137
671
495
366
248
680
60
103
945
788
449
150
973
682
903
240
35
295
627
642
528
377
690
337
800
521
715
934
91
382
387
229
53
882
595
654
914
7
109
211
148
911
361
121
593
616
713
981
912
340
975
440
718
665
129
870
539
844
804
630
227
543
211
632
777
806
286
691
166
748
254
314
659
615
787
604
583
852
585
495
192
561
935
262
578
64
484
117
909
288
100
488
183
311
120
960
470
759
3
636
507
257
302
166
224
441
122
808
293
708
303
485
621
591
100
199
7
584
669
268
225
769
108
760
432
229
721
902
340
76
890
847
334
192
365
910
633
487
718
278
547
374
764
168
317
216
720
676
152
741
297
377
862
405
138
294
634
211
549
974
287
439
173
973
984
890
884
969
730
954
248
277
328
364
798
997
932
870
674
84
611
971
814
473
376
304
119
363
515
668
689
154
460
215
128
796
105
364
765
835
318
365
465
647
729
263
996
13
133
670
98
96
993
912
921
722
568
40
85
435
61
126
589
873
341
69
669
447
433
786
634
752
152
99
751
233
714
747
247
199
770
697
295
763
961
568
485
529
609
922
964
22
49
905
247
390
975
268
189
408
54
176
512
558
275
263
144
342
363
391
893
133
440
189
248
401
109
734
930
718
8
894
92
57
799
339
800
126
607
989
887
14
165
399
572
793
15
716
487
378
459
380
511
899
921
759
300
31
845
582
749
854
476
194
911
628
885
711
106
845
53
993
859
218
393
783
363
408
852
850
786
663
231
649
563
152
760
215
183
606
798
285
812
626
831
75
606
716
139
713
913
192
706
772
762
451
908
126
859
760
328
997
423
559
998
338
64
759
906
247
717
704
884
529
682
715
604
289
784
95
354
697
287
60
822
402
512
730
880
723
842
208
73
617
120
71
956
184
830
862
783
899
918
668
428
600
735
385
241
871
832
595
569
120
8
743
874
520
473
754
595
667
314
668
636
434
740
592
618
922
806
754
822
76
774
602
29
509
339
270
381
172
218
302
644
226
45
518
98
870
624
693
889
938
362
525
373
454
118
343
376
276
449
550
705
223
153
734
733
492
4
466
16
222
120
660
800
165
530
898
387
506
592
276
445
306
801
170
760
271
865
488
900
315
39
605
538
192
339
623
36
695
441
53
270
561
65
70
78
948
969
465
454
913
741
251
571
895
773
331
166
639
819
66
306
858
671
196
402
362
172
439
58
613
844
328
527
261
398
957
561
719
423
368
984
516
619
555
411
745
886
930
384
58
348
42
268
20
590
671
382
762
462
792
728
658
120
607
271
519
564
833
590
339
201
575
856
172
130
619
917
369
549
653
427
250
47
695
270
638
718
4
400
532
797
480
190
269
87
814
140
652
647
731
991
200
306
199
724
788
819
642
157
720
647
584
970
695
632
592
333
702
949
85
235
98
566
425
367
653
591
508
657
238
239
649
790
897
200
515
685
19
509
195
92
508
131
414
555
763
359
240
466
308
326
701
758
244
478
125
249
70
985
907
660
576
908
803
473
108
670
511
480
179
58
924
39
189
338
595
953
49
835
771
709
161
824
467
757
302
593
7
724
930
914
737
507
822
540
332
930
210
195
410
741
253
334
780
443
25
727
396
74
563
519
784
76
343
603
834
997
548
841
722
479
107
811
986
281
351
318
211
913
514
974
654
119
660
786
562
37
514
310
464
77
829
600
505
524
203
339
522
752
532
596
231
639
407
569
920
110
887
484
23
753
810
677
873
822
815
787
860
329
98
676
758
279
276
264
804
479
603
678
231
488
274
814
479
33
383
752
143
623
236
166
376
398
195
601
220
10
741
432
692
839
108
450
470
736
66
274
216
22
952
799
510
578
614
989
611
349
741
754
972
329
920
701
79
467
302
652
478
43
84
522
234
545
324
705
281
391
331
849
413
284
1
923
214
615
264
826
316
358
580
289
39
853
990
119
320
292
771
150
688
207
24
274
104
349
979
738
740
311
587
153
947
588
428
161
555
692
987
872
50
920
513
90
773
503
561
445
147
332
948
835
891
972
462
996
321
441
734
61
104
673
566
403
614
994
565
169
687
904
393
89
176
906
531
301
761
92
99
909
776
47
96
668
19
558
664
693
352
750
106
456
423
673
212
37
667
129
559
706
385
304
796
562
563
679
863
324
124
962
233
900
361
330
920
733
240
584
426
592
334
532
401
758
205
613
147
225
94
706
931
479
11
79
41
574
759
257
898
883
571
484
135
933
166
56
666
406
640
92
999
327
976
752
437
534
717
584
759
811
643
690
290
654
122
332
580
881
941
478
116
512
962
251
445
128
307
111
887
300
555
238
979
884
990
768
418
59
704
177
870
347
219
160
353
341
844
933
574
137
764
690
650
726
294
447
207
953
559
446
253
466
684
584
350
26
352
120
85
409
297
307
108
517
819
462
210
16
395
785
153
159
475
803
238
769
251
797
723
162
243
328
980
279
265
683
305
969
803
742
378
453
49
487
970
868
949
180
884
696
965
38
208
793
193
798
562
796
595
637
310
190
318
291
821
583
326
478
552
129
220
931
582
621
770
904
489
71
437
726
767
754
116
327
547
661
125
462
810
72
99
120
614
769
763
435
352
89
265
905
571
837
188
505
458
310
762
300
381
199
378
500
953
494
828
853
507
305
315
317
730
766
438
344
536
553
132
240
643
397
497
566
235
685
423
45
347
185
345
728
736
723
229
42
569
409
895
77
714
562
394
444
680
184
141
568
738
273
809
733
22
658
651
609
344
74
7
43
612
352
772
700
428
1
742
349
762
989
778
476
903
525
273
584
709
414
504
799
39
313
532
61
972
535
23
668
610
30
711
574
734
835
274
514
188
17
864
950
358
642
427
262
167
700
198
229
466
702
28
505
368
913
566
692
448
941
712
58
971
775
984
58
611
259
572
799
628
436
750
986
431
529
600
598
581
150
827
47
853
208
552
573
121
470
265
569
764
329
980
87
104
964
145
715
575
718
867
203
506
969
542
937
498
142
888
431
645
67
478
850
275
382
423
396
204
40
318
320
369
298
408
473
614
905
541
190
623
408
393
482
377
287
771
227
782
659
658
427
727
488
277
354
222
700
751
778
92
421
99
461
719
859
286
685
764
179
875
388
587
621
222
316
908
993
543
690
5
553
469
732
41
746
86
615
798
189
394
242
962
493
703
33
352
342
719
116
521
946
856
461
567
430
129
828
424
25
870
429
578
692
513
972
438
951
587
589
493
981
831
455
826
887
489
178
581
560
647
454
506
855
915
426
286
397
606
62
422
828
491
0
520
356
324
311
307
912
900
152
245
83
608
72
970
449
602
551
9
601
6
867
457
273
293
95
670
251
157
92
80
0
445
600
356
121
911
15
33
163
520
631
247
480
703
569
929
657
473
290
259
831
157
68
104
803
163
127
54
672
571
486
672
368
87
380
490
350
747
875
514
267
506
113
99
209
682
28
219
155
670
478
986
180
898
443
335
61
570
741
733
141
228
757
510
667
137
352
17
236
227
883
856
734
996
955
295
31
336
514
186
6
344
173
538
242
968
225
303
538
967
388
31
547
145
893
214
634
245
583
871
473
467
79
559
815
34
854
846
370
369
385
729
713
910
619
308
878
845
611
416
164
352
799
711
849
693
925
484
290
860
707
763
327
786
674
495
172
529
341
543
250
78
624
315
988
243
623
866
440
587
634
604
939
434
315
788
127
592
624
417
453
331
533
132
469
559
627
642
88
321
537
338
399
513
654
388
108
277
606
549
216
241
153
155
675
821
944
154
413
920
923
218
252
808
351
73
368
330
67
456
651
604
147
403
117
153
143
226
782
749
127
999
990
280
154
17
453
450
171
219
371
95
437
975
903
788
48
271
119
116
80
122
72
579
877
542
732
20
120
514
122
247
513
112
879
20
482
333
822
653
552
193
100
989
168
4
130
569
627
249
37
59
723
109
638
601
3
722
621
123
237
95
370
102
560
602
474
42
935
297
695
839
842
796
180
363
152
310
932
131
911
321
543
635
782
181
588
786
904
209
909
493
657
632
947
217
234
422
259
521
719
954
360
561
102
540
924
606
203
208
90
114
529
633
101
312
814
689
450
70
251
359
915
908
991
863
125
577
285
384
98
356
690
458
269
145
351
546
103
554
106
193
20
636
826
122
300
993
163
750
415
414
461
331
674
805
194
799
382
831
535
833
539
578
291
808
723
994
354
178
900
461
372
921
449
550
395
101
895
558
203
311
325
16
994
999
821
540
151
556
723
38
741
262
616
384
70
691
379
777
870
279
590
594
552
391
496
947
844
392
858
47
55
535
63
49
886
237
941
37
145
664
428
886
926
44
622
348
88
1
477
958
633
419
904
185
810
400
485
654
792
695
53
199
230
469
600
116
706
541
506
203
557
934
441
835
978
63
184
418
417
13
376
50
433
632
587
595
33
424
602
177
119
655
377
701
124
977
818
182
871
676
737
428
610
178
264
940
594
800
359
11
813
87
413
598
720
352
194
753
777
148
282
248
803
659
950
280
989
120
814
860
796
552
288
758
82
552
698
676
352
409
39
518
497
804
116
569
157
662
674
934
810
956
182
966
968
484
246
957
604
60
817
400
964
105
158
47
10
209
75
362
970
467
232
819
271
701
388
428
363
62
714
526
371
897
492
339
381
90
296
338
502
465
90
467
570
601
866
580
810
941
295
132
408
879
952
32
580
692
460
944
107
175
822
478
424
314
169
157
404
465
495
258
930
586
725
852
539
591
785
701
885
432
833
645
311
785
677
892
478
490
188
585
665
10
415
441
676
584
950
80
401
446
690
331
384
416
535
923
359
320
624
244
752
809
242
64
595
919
308
425
409
496
362
426
506
777
219
182
361
170
614
762
968
304
445
704
72
332
979
432
653
955
28
757
764
270
173
711
190
481
136
951
977
498
730
835
627
301
17
988
471
983
102
791
640
547
495
712
880
826
144
885
781
173
994
898
795
168
609
337
649
98
289
979
948
371
814
576
672
184
564
496
519
667
639
159
566
135
224
798
961
720
683
95
245
678
993
41
198
954
378
847
52
19
178
1
390
345
929
415
881
493
263
752
512
902
912
431
389
136
229
703
856
265
798
102
295
143
495
493
97
873
692
502
893
871
855
635
568
784
402
801
629
17
553
494
920
465
925
661
953
506
364
162
771
514
616
66
657
463
911
107
336
604
609
581
827
816
569
395
600
971
196
229
989
749
723
261
567
0
922
872
507
287
386
630
801
354
697
811
817
608
918
506
564
879
87
391
695
656
138
295
980
334
876
321
436
952
582
355
952
856
579
811
143
318
442
297
672
491
108
842
99
378
700
664
609
139
407
304
148
546
951
128
880
827
801
668
131
383
375
436
239
955
247
735
273
689
384
297
180
844
491
632
222
191
648
831
683
55
487
831
601
438
311
834
617
112
854
101
847
230
537
86
537
784
173
162
826
557
811
358
401
303
990
975
846
990
158
529
46
645
712
999
435
23
185
405
135
40
506
982
622
43
421
159
179
946
321
5
504
132
364
257
787
706
585
986
49
95
867
447
741
580
798
528
603
984
933
91
376
439
73
998
482
846
157
662
793
830
19
649
314
735
258
454
794
843
440
843
939
307
642
32
239
440
560
843
424
846
286
800
285
359
150
120
558
659
134
351
841
505
0
156
241
258
610
387
454
402
230
745
709
224
777
949
664
689
144
441
887
430
593
173
141
744
645
699
403
131
402
245
636
754
753
229
13
363
616
819
117
198
564
826
422
693
127
439
382
623
880
270
405
473
795
899
217
792
598
973
923
353
218
911
107
323
141
472
38
757
291
155
308
207
333
730
900
813
169
635
436
401
257
194
875
52
93
92
196
43
65
471
396
635
382
504
958
875
328
996
985
620
503
293
179
837
375
80
650
897
715
86
298
972
632
173
376
725
618
924
769
35
395
165
23
129
21
333
5
350
330
990
322
185
635
501
22
10
581
672
907
648
111
558
972
743
731
348
469
701
624
590
737
19
755
760
501
777
93
506
479
775
848
801
961
483
302
335
845
884
8
105
884
471
663
857
214
746
557
35
448
182
625
537
553
733
649
54
862
94
912
341
222
760
142
535
595
444
870
793
680
230
898
565
701
913
422
268
11
331
303
811
513
281
348
67
14
349
121
228
444
34
569
666
146
63
553
94
859
423
887
540
654
137
457
355
402
231
975
413
562
279
225
428
912
925
495
278
275
968
506
71
354
75
89
501
138
642
947
997
65
834
889
71
971
698
779
725
281
754
138
196
385
715
624
297
641
119
575
268
87
81
691
794
508
780
647
646
774
594
996
191
428
237
263
751
936
42
476
569
148
966
765
534
682
389
831
675
860
759
295
300
840
986
94
349
118
741
347
892
335
695
83
115
933
698
218
221
740
694
790
889
12
908
775
694
297
606
721
158
365
16
810
558
2
904
259
472
645
606
364
332
302
800
447
587
498
665
160
591
711
950
832
75
858
607
770
508
565
843
18
931
860
828
841
214
732
100
687
729
58
403
413
712
203
212
299
54
229
459
645
292
762
477
367
972
84
489
480
649
333
850
932
193
678
773
759
762
225
798
843
284
202
256
996
757
468
648
811
49
107
456
341
221
933
709
194
369
198
26
19
531
229
951
76
907
77
188
22
302
986
217
938
540
826
935
298
646
935
461
696
394
918
37
616
203
746
162
573
945
540
944
828
769
247
257
29
324
445
51
979
783
620
269
324
446
204
974
93
491
435
789
886
705
826
502
261
573
664
186
870
204
130
698
974
377
307
355
54
752
758
385
536
378
654
212
825
211
186
918
702
973
707
588
31
885
442
292
458
458
478
680
15
960
731
341
689
38
696
95
143
454
480
31
832
487
243
657
698
781
927
752
754
986
693
137
872
135
429
682
594
259
363
609
219
94
950
909
132
646
356
627
452
837
658
284
324
901
294
374
34
221
126
141
560
171
278
432
307
708
114
253
319
829
862
539
275
164
800
760
162
156
387
614
345
46
250
21
299
544
395
334
118
874
475
678
45
105
462
704
813
928
957
133
758
171
24
33
687
176
793
849
684
181
815
30
579
418
403
878
962
151
564
432
25
391
110
422
497
924
479
662
853
436
795
611
960
171
996
647
347
790
849
384
323
16
414
254
434
817
484
749
968
49
181
345
440
644
120
289
568
599
952
421
387
99
384
347
271
381
347
970
523
196
354
198
212
120
452
999
938
936
748
258
337
929
956
130
925
76
419
846
27
371
267
414
471
4
114
94
385
813
64
260
361
771
810
573
891
262
924
181
550
672
792
888
602
748
18
879
824
789
725
203
161
345
969
984
349
83
78
86
248
494
346
609
617
508
535
861
770
459
42
672
132
186
560
86
934
930
965
110
720
43
313
233
388
283
217
737
718
647
175
967
141
873
928
759
381
463
620
151
923
14
175
407
201
736
845
487
18
162
598
90
205
263
323
593
898
892
682
617
539
857
936
681
730
864
792
111
680
764
614
955
130
790
714
683
878
559
171
248
721
769
339
927
384
14
872
283
907
555
252
798
764
188
831
847
404
623
310
436
739
277
391
870
67
105
553
297
664
76
897
738
197
588
665
582
603
889
865
862
444
117
660
561
657
492
408
413
467
718
850
559
995
241
781
414
699
686
63
715
763
961
453
960
549
470
894
504
360
759
366
156
228
379
717
237
223
125
651
42
196
501
601
191
94
382
958
793
421
21
861
184
982
314
496
884
137
391
388
497
502
107
5
83
838
723
320
61
200
971
103
748
824
57
292
919
791
250
712
212
271
925
748
606
240
245
490
729
988
230
226
490
337
583
925
527
658
246
588
211
569
44
959
394
453
251
313
244
501
377
457
125
303
557
731
895
802
573
624
142
803
202
985
493
785
910
20
444
508
961
655
78
357
966
472
810
218
137
54
71
514
863
196
169
421
279
64
575
852
688
718
656
890
703
501
676
965
873
472
474
834
479
552
191
445
376
1
15
513
408
87
379
271
635
549
692
915
613
620
767
302
338
775
544
393
628
572
358
502
44
832
688
523
736
232
321
464
585
336
977
993
775
709
265
411
258
309
326
871
929
445
525
619
221
70
12
201
642
723
703
39
907
744
914
996
976
235
460
561
924
790
555
699
499
172
110
757
833
788
980
115
234
506
734
807
928
99
360
922
174
64
961
81
808
876
77
136
463
538
697
387
328
604
439
827
776
901
936
962
690
916
77
276
422
163
435
702
262
795
625
436
211
938
870
371
166
947
507
630
837
205
369
517
161
160
344
290
62
632
252
104
549
329
380
323
844
167
26
107
962
651
895
526
941
117
897
108
417
405
90
254
962
811
772
123
972
468
413
34
101
665
490
650
346
870
325
191
389
351
650
703
354
897
229
296
15
127
756
432
532
846
38
494
657
162
969
629
983
735
15
84
400
505
86
99
727
411
642
116
115
292
820
469
541
49
117
908
528
873
340
60
719
731
906
377
893
228
358
876
963
726
312
715
231
750
814
311
514
456
427
629
100
599
98
642
1
568
550
529
441
243
942
513
326
200
242
219
428
600
448
743
326
112
459
910
863
625
221
377
82
0
6
182
952
456
176
953
376
727
834
818
322
128
331
648
681
925
219
461
525
19
205
204
132
664
114
347
289
687
76
723
687
434
258
639
890
786
944
619
865
131
437
187
611
120
835
292
45
407
754
922
426
311
478
910
327
944
257
968
631
333
692
671
767
302
310
10
88
607
629
954
90
418
493
701
890
329
346
287
88
100
561
514
763
40
777
90
984
34
58
616
720
102
287
839
756
949
201
845
556
182
151
998
952
644
700
842
325
46
481
413
498
43
280
613
83
57
703
67
443
113
35
515
216
322
355
972
624
556
169
532
91
320
531
43
965
583
238
642
981
719
56
831
762
688
444
197
745
147
617
540
260
652
56
828
327
763
153
951
671
322
835
762
995
366
158
312
949
396
954
282
467
362
113
230
50
557
779
147
704
396
40
317
401
96
497
80
859
650
383
882
973
218
645
320
585
803
632
886
551
586
521
18
301
634
600
351
192
380
851
248
128
891
917
881
339
415
961
550
65
344
432
390
563
429
710
500
232
342
738
135
281
259
154
582
894
754
285
438
486
136
38
615
379
956
496
718
723
810
268
788
154
701
531
69
482
241
921
67
936
660
202
217
271
356
151
517
111
436
955
597
925
994
564
304
302
413
23
25
223
643
165
729
696
696
151
179
290
72
246
578
84
448
147
356
805
298
873
268
86
181
865
11
175
430
316
829
843
339
206
418
334
371
147
31
420
650
210
710
723
456
288
807
904
435
163
61
85
389
329
171
570
195
183
97
977
851
926
172
542
132
942
876
855
441
907
275
92
117
337
815
925
977
974
182
764
138
243
849
879
573
21
449
120
556
546
449
407
824
973
949
308
915
825
163
356
85
791
800
202
128
615
480
106
942
662
870
432
257
72
311
830
445
760
302
1
658
103
760
482
428
709
790
343
886
305
52
971
96
852
526
577
820
6
35
762
668
905
546
925
329
857
108
774
617
762
127
275
218
887
109
646
596
899
342
835
204
394
806
653
598
684
230
770
690
265
884
710
522
430
988
852
287
448
978
256
562
106
883
780
993
992
427
942
243
121
777
800
515
935
453
465
620
35
588
662
300
472
373
174
255
361
26
894
161
357
151
723
463
34
504
808
379
283
750
622
404
879
774
271
815
227
88
435
262
676
97
914
149
822
89
756
535
467
650
696
824
801
420
639
188
276
448
919
911
550
893
667
430
668
290
245
895
378
32
510
55
481
424
556
304
865
312
191
333
314
888
509
468
660
501
656
288
949
927
551
499
820
218
929
488
508
526
384
238
910
246
293
392
22
201
48
888
865
239
573
180
479
82
648
139
583
656
779
884
583
330
736
403
900
17
244
760
544
980
999
806
226
644
198
248
198
598
488
63
838
61
595
669
496
243
809
431
251
940
316
186
271
52
942
523
421
186
284
317
166
283
124
744
279
322
344
477
273
833
541
111
246
136
780
742
732
941
174
335
234
842
522
505
246
816
28
667
2
664
985
520
947
109
616
227
783
960
56
56
145
597
519
392
86
652
486
170
945
660
505
179
854
379
684
100
195
65
768
549
729
105
421
29
214
37
608
349
350
664
406
495
614
277
239
700
929
726
222
875
738
79
54
593
459
91
693
6
508
813
908
589
918
681
618
484
719
578
186
421
243
592
916
209
221
156
261
151
234
483
378
972
562
432
565
373
875
611
732
383
424
640
973
695
321
943
531
392
522
717
813
117
661
82
326
883
590
939
386
824
422
764
148
336
548
714
710
424
677
442
159
101
434
484
148
107
428
32
500
302
749
665
771
763
747
449
646
689
388
32
865
162
148
14
498
696
728
560
472
405
354
632
858
140
468
359
248
896
391
100
550
492
765
673
255
865
122
253
906
862
637
772
24
785
786
875
482
514
787
954
271
142
938
481
282
407
840
882
655
583
982
558
76
100
231
683
965
706
937
871
920
574
995
297
712
781
172
194
647
959
500
918
453
791
752
88
198
592
970
205
528
953
763
956
53
347
639
370
53
928
593
973
855
589
270
567
722
794
113
370
106
613
640
559
756
392
647
954
337
618
512
217
923
275
173
328
974
164
50
379
445
643
353
300
584
975
867
307
122
332
29
228
297
21
139
54
414
139
8
103
109
872
320
32
148
845
712
474
9
762
854
454
405
559
106
342
886
325
1
8
657
30
588
955
51
80
9
817
219
369
272
328
242
944
712
742
789
424
216
151
186
422
957
943
981
416
285
868
741
286
228
751
668
817
706
72
897
67
889
116
788
162
796
382
458
508
476
600
932
693
751
118
467
60
61
449
476
699
317
570
985
545
321
6
714
379
78
963
798
967
431
586
481
227
969
292
735
445
892
19
490
995
489
958
55
903
759
884
602
428
806
939
325
127
945
40
858
23
3
656
343
435
594
176
14
915
468
750
713
360
121
555
355
611
865
763
514
624
999
468
52
805
407
378
284
705
770
142
728
125
150
423
912
744
952
927
660
420
29
725
133
502
280
840
113
146
603
979
770
954
447
175
759
207
905
43
912
27
537
992
504
687
416
417
784
368
696
796
140
77
521
625
579
801
466
45
299
421
376
422
376
824
597
487
31
854
883
295
233
420
287
737
460
55
506
596
423
202
392
916
631
265
893
563
418
359
608
718
133
984
140
861
160
89
700
543
295
583
838
528
356
126
265
168
181
124
764
957
326
156
225
310
773
118
873
191
830
481
261
315
817
401
176
330
842
228
873
489
812
64
17
520
542
635
688
75
111
452
384
437
960
609
99
733
80
972
276
262
805
538
577
975
291
105
305
486
685
530
975
497
594
345
17
488
332
57
564
443
509
948
232
821
910
332
906
342
304
183
604
462
73
533
437
364
990
742
850
675
272
826
525
219
171
894
707
855
952
271
298
813
572
530
635
834
862
893
176
519
76
132
981
149
17
418
866
359
512
716
386
136
894
911
707
417
158
415
272
462
38
570
275
962
453
262
796
315
156
972
186
584
456
167
86
473
937
952
832
801
20
571
938
915
834
997
684
992
412
957
454
803
879
82
117
332
696
914
0
204
238
186
141
695
706
579
520
643
531
705
445
903
276
735
170
110
732
855
455
497
164
261
652
43
695
769
376
392
35
728
948
274
914
89
321
620
668
193
616
551
898
61
807
526
148
977
989
232
184
796
729
348
409
733
392
105
855
120
849
890
848
149
516
762
239
189
735
259
383
351
163
633
764
970
512
912
299
501
144
484
649
226
832
58
311
576
163
166
696
364
409
896
514
925
659
105
115
746
364
850
97
879
483
861
201
995
125
501
848
621
985
497
199
169
908
863
746
423
29
794
788
790
691
654
716
702
759
183
448
475
33
897
355
516
110
556
864
235
409
712
208
746
562
408
916
470
271
14
893
652
808
33
443
499
687
511
201
446
694
1
274
79
898
629
947
8
537
811
243
947
876
804
45
790
564
961
612
187
327
857
839
136
891
634
987
930
497
189
729
543
190
3
622
89
984
570
97
521
733
693
820
961
849
866
751
413
179
715
600
507
573
791
643
816
426
630
746
275
171
827
819
714
830
441
803
814
363
252
688
97
297
860
58
146
726
162
559
258
877
511
765
450
303
760
618
81
742
717
356
914
544
175
980
727
969
135
893
332
387
581
429
37
442
840
535
520
2
447
778
231
958
543
682
613
655
300
694
398
369
403
664
914
930
644
641
899
779
534
584
518
468
365
907
262
205
443
782
559
890
561
791
200
456
825
814
464
477
860
862
847
263
878
761
546
874
754
445
653
640
381
523
108
747
431
370
952
874
505
864
116
418
655
668
226
480
482
690
957
695
904
804
958
782
917
856
656
23
302
661
664
35
185
124
782
968
847
87
842
352
951
310
770
606
978
996
86
813
39
395
508
943
552
818
78
469
675
86
493
329
748
509
364
285
633
147
253
480
586
447
184
537
757
954
143
87
303
581
252
342
976
112
637
880
931
715
702
958
802
547
639
902
56
3
187
41
502
792
522
88
239
706
977
348
13
120
787
668
53
40
10
382
152
647
262
435
715
964
393
869
511
32
771
919
388
310
961
242
102
835
683
341
893
660
41
258
133
828
926
186
868
936
568
373
936
183
808
3
147
554
872
11
938
995
930
678
305
243
921
407
78
956
100
324
968
493
582
453
321
509
640
542
797
560
915
733
743
75
736
243
629
960
606
568
955
888
246
260
132
519
19
210
827
471
534
796
964
469
249
638
978
241
180
775
154
447
861
249
522
949
492
152
910
450
72
865
339
670
478
471
190
849
33
369
673
920
517
989
389
119
627
367
360
159
142
514
606
3
764
129
953
608
633
215
59
705
432
398
375
262
221
917
112
254
639
137
174
156
126
915
275
754
282
636
913
777
502
872
132
618
1
437
579
986
4
990
691
437
740
418
699
961
688
163
567
327
300
94
483
427
9
111
181
644
747
446
421
601
318
905
572
671
695
151
657
699
141
700
136
233
471
188
194
159
351
761
838
652
207
673
79
217
784
612
861
883
410
634
485
81
891
409
752
586
912
762
286
405
462
774
638
933
962
832
444
314
945
282
318
153
308
749
722
92
361
935
976
123
921
813
204
812
222
309
751
486
71
389
891
533
515
529
819
478
361
263
144
658
898
462
163
206
211
237
298
924
172
626
399
445
791
604
610
365
913
361
851
984
102
742
869
617
271
688
447
984
952
591
995
202
405
158
760
616
748
58
892
920
37
292
366
828
248
328
546
513
689
397
849
143
140
718
760
763
407
208
748
711
151
743
265
557
253
25
525
1
435
418
274
824
62
992
653
662
320
551
175
361
948
24
504
440
94
616
204
853
176
304
916
680
47
181
237
652
558
762
6
994
532
280
818
946
624
823
960
944
374
135
657
675
511
513
115
958
481
319
811
10
623
728
690
22
261
927
675
820
41
33
166
926
313
984
224
289
160
185
233
534
672
242
209
536
755
677
494
236
996
305
246
972
385
288
994
999
567
21
819
961
54
337
887
719
321
463
8
833
0
593
720
673
835
929
209
942
958
703
531
955
360
777
279
98
418
273
97
985
647
268
946
53
605
185
773
278
649
133
112
649
727
832
674
914
113
235
857
72
938
388
379
651
517
658
749
935
931
198
921
930
466
219
984
71
405
109
349
54
242
813
55
321
645
82
588
759
317
445
831
608
185
210
259
54
220
360
342
151
558
615
434
24
834
770
447
239
879
148
645
473
962
53
147
607
135
735
718
452
532
901
60
69
463
671
123
683
31
465
187
941
80
621
317
267
391
116
506
270
265
504
95
227
557
242
186
692
329
905
496
861
806
557
930
270
580
54
953
964
871
140
905
304
113
575
571
504
691
429
126
956
933
574
183
842
816
370
886
146
627
383
359
433
292
290
55
872
696
9
836
567
501
94
223
967
669
794
471
360
224
950
317
509
524
852
352
692
574
238
190
201
621
550
987
265
840
42
138
888
403
326
807
257
420
31
224
89
825
47
802
401
997
119
911
873
323
615
566
250
853
756
803
827
658
790
92
498
185
582
738
588
909
546
197
329
577
421
771
754
469
573
156
818
44
419
44
719
34
962
969
239
70
773
66
729
915
511
227
100
93
318
689
2
864
238
684
441
660
807
195
481
380
703
651
776
474
695
495
860
657
